0 0
12.15 0
13.675 0
14.45 0
14.825 0
15.025 0
15.075 0
15.1 0
15.125 -0.165
15.2 -0.164
15.3 -0.164
15.35 -0.163
15.375 -0.163
15.4 -0.245
15.6 -0.242
15.7 -0.282
15.8 -0.28
15.85 -0.321
15.875 -0.32
15.9 -0.402
15.975 -0.4
16.075 -0.439
16.1 -0.438
16.125 -0.602
16.175 -0.6
16.275 -0.596
16.35 -0.634
16.4 -0.632
16.425 -0.631
16.45 -0.753
16.55 -0.747
16.575 -0.869
16.6 -0.867
16.65 -0.864
16.725 -0.9
16.825 -0.893
16.85 -0.892
16.875 -1.094
16.925 -1.089
17.025 -1.081
17.05 -1.079
17.075 -1.239
17.1 -1.236
17.3 -1.217
17.325 -1.536
17.35 -1.533
17.4 -1.526
17.475 -1.517
17.575 -1.504
17.625 -1.497
17.65 -1.534
17.675 -1.65
17.85 -1.625
18.05 -1.598
18.1 -1.591
18.125 -1.667
18.15 -1.899
18.225 -1.886
18.625 -1.821
18.825 -1.79
18.875 -1.898
18.9 -2.201
18.925 -2.387
18.95 -2.458
18.975 -2.452
19 -2.445
19.75 -2.278
20.15 -2.201
20.175 -2.197
20.2 -2.265
20.25 -2.438
20.275 -2.652
20.3 -2.755
20.325 -2.857
20.35 -3.032
20.4 -3.124
20.45 -3.144
20.525 -3.118
21.275 -2.893
22.05 -2.705
22.8 -2.554
23.175 -2.488
23.375 -2.454
23.475 -2.504
23.55 -2.524
23.65 -2.606
23.7 -2.63
23.75 -2.719
23.8 -2.808
23.85 -2.863
23.9 -3.017
23.925 -3.241
23.975 -3.259
24 -3.318
24.025 -3.31
24.075 -3.36
24.125 -3.475
24.225 -3.474
24.275 -3.49
24.3 -3.547
24.5 -3.511
24.675 -3.454
25.025 -3.349
25.75 -3.161
26.475 -3.003
27.2 -2.868
27.925 -2.75
28.65 -2.644
29.375 -2.548
29.55 -2.526
29.575 -2.645
29.6 -2.642
29.65 -2.635
29.725 -2.624
30.075 -2.577
31.525 -2.399
32.25 -2.319
32.35 -2.308
32.4 -2.365
32.45 -2.359
32.625 -2.339
32.975 -2.301
34.425 -2.151
35.15 -2.081
35.5 -2.049
35.675 -2.033
35.775 -2.023
35.85 -2.049
36.075 -2.028
36.2 -2.048
36.3 -2.071
36.425 -2.059
36.525 -2.081
36.625 -2.071
36.725 -2.094
37.275 -2.038
37.55 -2.011
37.7 -1.996
37.775 -1.989
37.8 -1.987
37.825 -2.05
37.95 -2.037
38.05 -2.06
38.175 -2.079
38.225 -2.074
38.25 -2.071
38.275 -2.134
38.4 -2.12
38.5 -2.141
38.6 -2.13
38.7 -2.151
38.925 -2.158
39.15 -2.132
39.275 -2.117
39.325 -2.112
39.35 -2.175
39.375 -2.172
39.475 -2.192
39.575 -2.18
39.8 -2.153
40.025 -2.159
40.15 -2.144
40.2 -2.139
40.225 -2.136
40.25 -2.199
40.35 -2.186
40.45 -2.272
40.525 -2.262
40.575 -2.321
40.625 -2.38
40.675 -2.373
40.9 -2.373
40.975 -2.427
41.025 -2.419
41.125 -2.404
41.225 -2.422
41.325 -2.439
41.55 -2.405
41.775 -2.405
41.9 -2.387
41.925 -2.383
41.95 -2.51
42 -2.502
42.1 -2.486
42.2 -2.503
42.25 -2.527
42.275 -2.588
42.3 -2.649
42.325 -2.644
42.425 -2.626
42.55 -2.637
42.575 -2.73
42.6 -2.725
42.65 -2.715
42.725 -2.701
42.775 -2.756
42.875 -2.737
43.075 -2.7
43.15 -2.75
43.2 -2.773
43.3 -2.754
43.525 -2.712
43.75 -2.704
43.85 -2.718
43.95 -2.732
44.375 -2.658
44.45 -2.645
44.475 -2.641
44.5 -2.732
44.6 -2.715
44.7 -2.729
44.8 -2.806
44.95 -2.778
45.1 -2.782
45.4 -2.729
45.55 -2.735
45.625 -2.722
45.7 -2.741
45.85 -2.777
45.975 -2.756
46.275 -2.736
46.575 -2.686
46.65 -2.705
46.725 -2.724
46.875 -2.7
47.025 -2.676
47.15 -2.687
47.225 -2.675
47.3 -2.726
47.375 -2.744
47.45 -2.732
47.525 -2.72
47.575 -2.804
47.6 -2.8
47.75 -2.774
48.05 -2.755
48.2 -2.761
48.275 -2.779
48.325 -2.771
48.475 -2.776
48.625 -2.751
48.9 -2.707
48.975 -2.726
49.05 -2.745
49.2 -2.752
49.475 -2.708
50.075 -2.619
50.375 -2.608
50.65 -2.57
50.725 -2.621
50.8 -2.611
50.95 -2.59
51.25 -2.549
51.325 -2.539
51.4 -2.59
51.55 -2.57
51.825 -2.533
51.975 -2.544
52.125 -2.524
52.275 -2.505
52.425 -2.516
52.575 -2.496
52.725 -2.508
53 -2.473
53.575 -2.402
53.725 -2.415
53.875 -2.397
54.025 -2.38
54.15 -2.427
54.225 -2.449
54.3 -2.44
54.375 -2.43
54.4 -2.427
54.425 -2.549
54.45 -2.546
54.525 -2.566
54.6 -2.555
54.75 -2.565
55.05 -2.523
55.1 -2.547
55.125 -2.606
55.2 -2.595
55.325 -2.577
55.625 -2.534
55.775 -2.544
55.925 -2.554
56.225 -2.513
56.5 -2.506
57.1 -2.428
57.175 -2.419
57.25 -2.441
57.4 -2.452
57.45 -2.446
57.475 -2.506
57.55 -2.495
57.675 -2.478
57.825 -2.49
57.9 -2.48
57.975 -2.532
58.25 -2.494
58.4 -2.474
58.55 -2.485
58.825 -2.448
58.975 -2.429
59.125 -2.441
59.275 -2.453
59.35 -2.443
59.425 -2.496
59.725 -2.456
59.8 -2.477
59.875 -2.467
60 -2.482
60.3 -2.442
60.45 -2.422
60.575 -2.438
61.15 -2.365
61.3 -2.347
61.375 -2.338
61.45 -2.361
61.75 -2.325
61.9 -2.307
61.975 -2.33
62.05 -2.321
62.2 -2.335
62.325 -2.32
62.625 -2.285
62.775 -2.267
62.9 -2.285
63.05 -2.299
63.125 -2.29
63.175 -2.285
63.2 -2.345
63.475 -2.312
63.625 -2.294
63.775 -2.308
63.85 -2.299
63.9 -2.293
63.925 -2.354
64.075 -2.335
64.15 -2.357
64.225 -2.347
64.375 -2.329
64.65 -2.295
64.725 -2.318
64.8 -2.308
64.95 -2.29
65.1 -2.272
65.175 -2.263
65.25 -2.287
65.55 -2.251
65.625 -2.274
65.7 -2.265
65.825 -2.283
66.125 -2.247
66.275 -2.261
66.425 -2.308
66.725 -2.271
66.775 -2.265
66.8 -2.423
66.875 -2.412
67 -2.395
67.3 -2.354
67.375 -2.409
67.45 -2.398
67.575 -2.381
67.875 -2.341
68.025 -2.354
68.1 -2.344
68.125 -2.341
68.15 -2.402
68.3 -2.381
68.45 -2.393
68.6 -2.373
68.675 -2.395
68.75 -2.417
69.325 -2.34
69.375 -2.43
69.4 -2.426
69.475 -2.416
69.625 -2.427
69.9 -2.389
70.475 -2.314
70.775 -2.278
70.925 -2.26
71.075 -2.274
71.65 -2.207
72.225 -2.144
72.275 -2.139
72.3 -2.233
72.375 -2.224
72.525 -2.207
72.8 -2.175
72.95 -2.191
73.1 -2.174
73.25 -2.189
73.4 -2.205
73.55 -2.187
73.575 -2.249
73.6 -2.246
73.625 -2.243
73.7 -2.267
73.975 -2.233
74.575 -2.163
74.725 -2.178
74.875 -2.161
75.15 -2.13
75.3 -2.114
75.45 -2.13
75.525 -2.154
75.6 -2.146
75.75 -2.129
75.825 -2.12
75.9 -2.177
76.05 -2.193
76.2 -2.175
76.275 -2.198
76.325 -2.192
76.475 -2.175
76.625 -2.19
76.775 -2.205
76.9 -2.189
77.2 -2.154
77.35 -2.137
77.425 -2.129
77.45 -2.126
77.475 -2.188
78.075 -2.119
78.225 -2.102
78.375 -2.118
78.65 -2.088
78.95 -2.056
79.1 -2.04
79.175 -2.098
79.225 -2.092
79.3 -2.084
79.325 -2.213
79.35 -2.242
79.375 -2.239
79.525 -2.22
79.675 -2.234
79.8 -2.218
79.875 -2.241
79.95 -2.231
80.1 -2.212
80.4 -2.175
80.7 -2.14
80.85 -2.123
80.925 -2.114
80.975 -2.141
81.05 -2.165
81.125 -2.156
81.275 -2.171
81.35 -2.162
81.425 -2.219
81.55 -2.203
81.7 -2.217
81.85 -2.199
82 -2.245
82.075 -2.236
82.125 -2.262
82.375 -2.23
82.5 -2.247
82.6 -2.234
82.825 -2.205
83.05 -2.21
83.275 -2.183
83.35 -2.206
83.4 -2.2
83.5 -2.188
83.725 -2.194
83.85 -2.178
83.95 -2.199
84.425 -2.143
84.65 -2.15
84.875 -2.124
85 -2.142
85.1 -2.163
85.325 -2.137
85.45 -2.122
85.55 -2.144
85.775 -2.118
86.7 -2.018
87.15 -1.972
87.375 -1.95
87.45 -1.976
87.5 -1.971
87.6 -1.961
87.85 -1.937
87.975 -1.925
88.075 -1.948
88.3 -1.926
88.375 -1.985
88.425 -1.98
88.525 -1.97
88.65 -1.99
88.75 -1.979
88.875 -2
88.975 -1.989
89.425 -1.943
90.35 -1.853
90.575 -1.833
90.7 -1.821
90.8 -1.846
90.875 -1.906
90.925 -1.901
91.025 -1.891
91.25 -1.869
91.325 -1.862
91.375 -1.924
91.5 -1.911
91.725 -1.889
91.85 -1.876
91.9 -1.871
91.925 -2.004
91.95 -2.001
92.175 -1.976
93.075 -1.882
93.325 -1.857
93.45 -1.845
93.55 -1.869
94 -1.826
94.225 -1.838
94.3 -1.898
94.35 -1.893
94.45 -1.883
94.675 -1.86
94.8 -1.882
94.9 -1.871
95.15 -1.847
95.275 -1.834
95.375 -1.892
95.4 -1.89
95.425 -1.955
95.45 -1.952
95.5 -1.947
95.6 -1.936
95.825 -1.912
95.95 -1.932
95.975 -1.93
96 -1.995
96.05 -1.989
96.275 -1.963
96.4 -1.95
96.45 -1.944
96.5 -2.006
96.625 -1.992
96.675 -1.986
96.7 -1.983
96.725 -2.048
97.25 -1.987
97.5 -1.959
97.75 -1.965
98.025 -1.935
98.15 -1.955
98.275 -1.942
98.775 -1.89
98.925 -1.874
99.05 -1.896
99.175 -1.916
99.3 -1.937
99.8 -1.885
99.85 -1.88
99.875 -1.979
99.925 -1.973
100.05 -1.959
100.3 -1.932
100.55 -1.906
100.675 -1.926
100.8 -1.913
100.95 -1.898
101.025 -1.924
101.075 -1.918
101.325 -1.892
101.825 -1.842
101.9 -1.835
101.95 -1.864
102.075 -1.851
102.325 -1.827
102.575 -1.803
102.7 -1.791
102.775 -1.784
102.8 -1.782
102.825 -1.882
103.35 -1.829
103.425 -1.822
103.475 -1.851
103.6 -1.838
103.85 -1.848
103.975 -1.835
104.1 -1.857
104.225 -1.844
104.3 -1.905
104.35 -1.899
104.6 -1.873
104.725 -1.894
104.75 -2.028
104.775 -2.025
104.8 -2.022
104.85 -2.05
105 -2.031
105.075 -2.022
105.125 -2.05
105.2 -2.041
105.25 -2.069
105.575 -2.029
105.625 -2.023
105.675 -2.152
105.75 -2.142
105.825 -2.132
105.9 -2.156
106.675 -2.057
106.725 -2.085
106.775 -2.079
106.875 -2.066
107.075 -2.042
107.45 -1.999
108.225 -1.916
108.625 -1.876
108.725 -1.866
108.825 -1.957
109 -1.938
109.4 -1.897
109.6 -1.876
109.7 -1.867
109.775 -1.893
110.175 -1.853
110.275 -1.843
110.325 -1.839
110.375 -1.868
110.55 -1.85
110.65 -1.841
110.75 -1.865
110.95 -1.912
111 -1.941
111.05 -1.935
111.15 -1.925
111.325 -1.906
111.425 -1.896
111.525 -1.919
111.7 -1.901
111.75 -1.896
111.775 -1.893
111.8 -1.958
111.9 -1.947
112 -2.004
112.075 -1.995
112.275 -2.006
112.375 -2.028
112.475 -2.016
112.675 -1.993
112.85 -2.007
113.625 -1.921
113.825 -1.9
113.875 -1.929
113.9 -2.028
113.925 -2.025
114.025 -2.013
114.225 -1.99
114.4 -2.004
114.5 -1.993
114.6 -2.015
114.8 -1.992
115 -1.97
115.1 -1.959
115.175 -1.985
115.375 -1.962
115.475 -1.985
115.575 -1.974
115.775 -1.986
115.95 -1.966
116.15 -1.945
116.35 -1.99
116.55 -1.968
116.65 -1.991
116.725 -1.983
117.5 -1.9
117.7 -1.88
117.75 -1.909
117.775 -2.041
117.8 -2.038
117.875 -2.063
118.075 -2.072
118.125 -2.066
118.175 -2.094
118.25 -2.118
118.6 -2.074
118.775 -2.053
118.85 -2.078
118.925 -2.069
119.025 -2.057
119.1 -2.082
119.275 -2.061
119.6 -2.023
120.275 -1.949
120.45 -1.931
120.55 -1.954
120.625 -1.946
120.95 -1.912
121.625 -1.846
121.8 -1.829
121.85 -1.858
121.9 -1.854
121.975 -1.846
122.3 -1.816
122.475 -1.799
122.575 -1.824
122.65 -1.817
122.75 -1.841
122.825 -1.834
122.975 -1.82
123.65 -1.757
125 -1.643
125.35 -1.615
125.525 -1.601
125.6 -1.595
125.625 -1.662
125.65 -1.66
125.675 -1.658
126.025 -1.629
126.125 -1.62
126.15 -1.687
126.175 -1.685
126.2 -1.683
126.35 -1.67
126.525 -1.655
126.7 -1.674
127.025 -1.646
127.075 -1.676
127.125 -1.672
127.2 -1.665
127.375 -1.65
127.55 -1.669
127.7 -1.656
128.05 -1.626
128.075 -1.693
128.1 -1.691
128.15 -1.686
128.225 -1.679
128.3 -1.673
128.375 -1.701
128.425 -1.696
128.45 -1.763
128.475 -1.761
128.55 -1.753
128.725 -1.736
129.05 -1.705
129.15 -1.696
129.225 -1.724
129.4 -1.741
129.725 -1.71
130.4 -1.649
130.5 -1.675
130.575 -1.668
130.75 -1.652
130.925 -1.637
130.95 -1.635
130.975 -1.772
131 -1.769
131.075 -1.796
131.75 -1.729
131.925 -1.712
132.1 -1.73
132.425 -1.699
133.1 -1.638
133.275 -1.623
133.45 -1.643
133.775 -1.615
133.95 -1.6
134.05 -1.591
134.125 -1.62
134.45 -1.592
134.625 -1.578
134.725 -1.604
134.8 -1.633
135.125 -1.605
135.3 -1.624
135.475 -1.644
135.8 -1.615
136.15 -1.585
136.325 -1.57
136.4 -1.564
136.475 -1.593
136.65 -1.578
136.75 -1.57
136.825 -1.598
136.875 -1.629
136.9 -1.732
136.925 -1.73
137 -1.722
137.15 -1.707
137.325 -1.69
137.5 -1.708
137.825 -1.677
138.5 -1.616
139.175 -1.558
139.525 -1.53
139.7 -1.516
139.85 -1.539
140.2 -1.511
140.375 -1.497
140.525 -1.521
140.875 -1.493
140.975 -1.52
141.05 -1.514
141.2 -1.502
141.375 -1.489
141.475 -1.481
141.55 -1.51
141.725 -1.496
141.875 -1.52
142.05 -1.505
142.225 -1.527
142.25 -1.525
142.275 -1.593
142.325 -1.589
142.4 -1.582
142.55 -1.569
143.225 -1.512
143.575 -1.484
143.75 -1.47
143.825 -1.5
143.9 -1.494
144.25 -1.466
144.3 -1.462
144.325 -1.46
144.35 -1.6
144.425 -1.593
144.575 -1.58
145.25 -1.522
145.425 -1.507
145.525 -1.499
145.55 -1.568
145.575 -1.566
145.6 -1.563
145.925 -1.535
146.6 -1.48
146.95 -1.453
147.05 -1.48
147.125 -1.474
147.275 -1.462
147.625 -1.435
147.675 -1.467
147.7 -1.465
147.725 -1.535
147.8 -1.528
147.95 -1.515
148.05 -1.507
148.125 -1.536
148.3 -1.557
148.625 -1.528
149.3 -1.473
149.475 -1.494
149.65 -1.48
149.975 -1.454
150.65 -1.403
150.825 -1.39
150.875 -1.386
150.925 -1.418
151 -1.448
151.1 -1.476
151.175 -1.47
151.325 -1.458
151.675 -1.431
151.725 -1.427
151.775 -1.459
151.85 -1.488
152 -1.476
152.1 -1.468
152.175 -1.497
152.35 -1.483
152.675 -1.456
152.85 -1.443
152.9 -1.439
152.925 -1.508
152.95 -1.506
153.025 -1.5
153.35 -1.473
154.025 -1.42
154.375 -1.393
154.475 -1.421
154.55 -1.416
154.7 -1.404
154.8 -1.432
154.875 -1.427
155.05 -1.413
155.375 -1.389
156.05 -1.34
156.1 -1.372
156.15 -1.368
156.225 -1.363
156.4 -1.35
156.725 -1.327
157.4 -1.281
157.75 -1.258
157.85 -1.252
157.875 -1.25
157.9 -1.393
157.925 -1.391
158.075 -1.38
158.175 -1.408
158.25 -1.402
158.425 -1.389
158.525 -1.453
158.6 -1.447
158.75 -1.434
159.1 -1.406
159.275 -1.393
159.3 -1.463
159.325 -1.461
159.35 -1.459
159.425 -1.452
159.6 -1.438
159.7 -1.43
159.775 -1.46
160.1 -1.433
160.45 -1.405
160.625 -1.392
160.7 -1.386
160.775 -1.416
160.875 -1.445
160.95 -1.438
161.125 -1.424
161.225 -1.416
161.3 -1.446
161.45 -1.434
162.125 -1.382
162.3 -1.404
162.475 -1.426
162.65 -1.412
162.675 -1.41
162.7 -1.481
162.725 -1.478
162.8 -1.472
162.9 -1.5
162.975 -1.493
163.075 -1.484
163.15 -1.514
163.475 -1.486
163.825 -1.456
164 -1.478
164.075 -1.507
164.15 -1.501
164.25 -1.492
164.325 -1.522
164.5 -1.507
164.825 -1.479
165.5 -1.424
166.175 -1.373
166.275 -1.366
166.35 -1.396
166.525 -1.383
166.625 -1.411
166.7 -1.406
166.85 -1.394
167.025 -1.381
167.125 -1.373
167.2 -1.404
167.525 -1.379
167.625 -1.372
167.7 -1.402
167.875 -1.389
168.2 -1.364
168.375 -1.388
168.55 -1.374
168.875 -1.35
169.55 -1.303
169.725 -1.291
169.775 -1.323
169.825 -1.32
169.9 -1.315
170.225 -1.292
170.4 -1.28
170.5 -1.31
170.575 -1.304
170.9 -1.282
171.075 -1.27
171.25 -1.294
171.425 -1.282
171.5 -1.277
171.575 -1.308
171.625 -1.305
171.65 -1.448
171.675 -1.446
171.75 -1.44
171.925 -1.425
172.25 -1.399
173.6 -1.299
173.775 -1.286
173.875 -1.28
173.95 -1.311
174.275 -1.288
174.95 -1.242
175.625 -1.199
175.8 -1.188
175.9 -1.182
175.975 -1.214
176.3 -1.193
176.35 -1.19
176.375 -1.189
176.4 -1.297
176.475 -1.291
176.65 -1.279
176.975 -1.256
177.325 -1.233
177.425 -1.226
177.5 -1.258
177.65 -1.247
177.825 -1.236
177.875 -1.269
177.925 -1.265
178 -1.26
178.175 -1.248
178.25 -1.243
178.325 -1.274
178.375 -1.271
178.4 -1.269
178.425 -1.34
178.5 -1.335
178.675 -1.321
179 -1.297
179.675 -1.25
180.025 -1.226
180.075 -1.26
180.125 -1.256
180.175 -1.253
180.2 -1.324
180.275 -1.355
180.35 -1.386
180.525 -1.372
180.575 -1.404
180.625 -1.4
180.7 -1.394
180.8 -1.386
180.875 -1.416
181.025 -1.404
181.7 -1.35
183.05 -1.253
183.15 -1.246
183.175 -1.318
183.2 -1.316
183.225 -1.314
183.275 -1.347
183.325 -1.343
183.4 -1.337
183.725 -1.313
183.775 -1.346
183.825 -1.342
183.9 -1.336
184.075 -1.323
184.4 -1.299
184.575 -1.323
184.75 -1.31
185.075 -1.287
185.25 -1.275
185.35 -1.268
185.425 -1.336
185.525 -1.328
185.575 -1.324
185.6 -1.468
185.75 -1.455
186.425 -1.399
186.6 -1.385
186.65 -1.417
186.7 -1.413
186.725 -1.411
186.75 -1.482
186.775 -1.479
186.8 -1.477
186.825 -1.548
186.875 -1.543
186.95 -1.536
187.1 -1.522
187.775 -1.462
187.875 -1.49
187.95 -1.483
188.125 -1.504
188.45 -1.475
188.8 -1.446
188.975 -1.468
189.125 -1.455
189.8 -1.401
190.475 -1.35
190.575 -1.343
190.65 -1.374
190.825 -1.361
191.15 -1.337
192.5 -1.245
193.175 -1.202
193.35 -1.228
193.525 -1.217
193.85 -1.196
194.025 -1.222
194.2 -1.21
194.375 -1.199
194.45 -1.195
194.525 -1.226
195.2 -1.183
196.55 -1.103
196.725 -1.093
196.75 -1.165
196.775 -1.164
196.825 -1.161
196.9 -1.156
197.075 -1.145
197.15 -1.141
197.225 -1.173
197.575 -1.151
197.675 -1.145
197.75 -1.177
197.9 -1.168
197.925 -1.166
197.95 -1.238
198 -1.235
198.075 -1.23
198.25 -1.218
198.575 -1.196
199.25 -1.153
199.6 -1.131
199.7 -1.125
199.725 -1.271
199.75 -1.269
199.775 -1.268
199.925 -1.257
200.275 -1.232
200.45 -1.257
200.6 -1.246
200.95 -1.222
201.125 -1.21
201.2 -1.205
201.275 -1.237
201.325 -1.27
201.375 -1.266
201.45 -1.261
201.625 -1.248
201.95 -1.226
202.125 -1.214
202.225 -1.207
202.25 -1.279
202.275 -1.277
202.3 -1.276
202.625 -1.252
202.725 -1.245
202.8 -1.277
202.975 -1.264
203.15 -1.252
203.225 -1.283
203.3 -1.314
203.65 -1.288
203.825 -1.312
203.975 -1.301
204.075 -1.367
204.15 -1.361
204.3 -1.349
204.625 -1.323
204.725 -1.316
204.8 -1.347
204.975 -1.333
205.15 -1.32
205.175 -1.318
205.2 -1.389
205.225 -1.387
205.275 -1.383
205.3 -1.454
205.975 -1.397
207.325 -1.294
207.5 -1.282
207.675 -1.306
208 -1.282
208.175 -1.306
208.35 -1.294
208.675 -1.271
209.025 -1.247
209.2 -1.272
209.35 -1.261
210.025 -1.216
210.375 -1.194
210.425 -1.227
210.475 -1.224
210.5 -1.222
210.525 -1.294
210.55 -1.292
210.7 -1.317
211.375 -1.269
212.05 -1.223
212.4 -1.2
212.575 -1.189
212.65 -1.184
212.725 -1.216
213.075 -1.193
213.25 -1.218
213.4 -1.209
213.75 -1.186
213.925 -1.175
214 -1.17
214.05 -1.167
214.075 -1.312
214.75 -1.263
215.1 -1.239
215.275 -1.263
215.35 -1.295
215.425 -1.289
215.525 -1.318
215.6 -1.313
215.775 -1.3
216.1 -1.276
216.15 -1.272
216.175 -1.271
216.2 -1.342
216.275 -1.336
216.45 -1.359
216.775 -1.334
216.95 -1.321
217.05 -1.313
217.125 -1.344
217.45 -1.319
217.8 -1.294
217.975 -1.281
218.05 -1.312
218.125 -1.307
219.475 -1.214
220.825 -1.13
221.175 -1.11
221.35 -1.1
221.5 -1.128
222.175 -1.088
222.275 -1.083
222.35 -1.115
222.525 -1.105
222.85 -1.086
223.2 -1.067
223.375 -1.094
223.525 -1.085
223.625 -1.079
223.7 -1.112
223.75 -1.146
223.8 -1.143
223.875 -1.138
224.2 -1.118
224.875 -1.078
225.55 -1.04
225.9 -1.021
226.075 -1.012
226.15 -1.008
226.225 -1.041
226.575 -1.022
226.75 -1.013
226.825 -1.009
226.85 -1.007
226.875 -1.118
226.9 -1.116
227.075 -1.105
227.25 -1.132
227.575 -1.111
228.25 -1.071
228.425 -1.061
228.525 -1.055
228.575 -1.052
228.6 -1.2
228.925 -1.177
229.6 -1.133
229.775 -1.122
229.825 -1.156
229.875 -1.153
229.95 -1.148
230.275 -1.127
230.95 -1.086
231.3 -1.065
231.4 -1.06
231.475 -1.093
231.625 -1.084
232.3 -1.045
232.65 -1.025
232.75 -1.02
232.8 -1.017
232.825 -1.09
232.975 -1.081
233.65 -1.042
233.825 -1.069
234 -1.059
234.325 -1.041
234.5 -1.031
234.55 -1.028
234.575 -1.101
234.6 -1.1
234.675 -1.095
235 -1.076
235.35 -1.055
235.525 -1.045
235.675 -1.074
235.85 -1.101
236.025 -1.09
236.2 -1.079
236.275 -1.112
236.35 -1.107
236.7 -1.086
236.875 -1.075
236.95 -1.071
237.025 -1.104
237.375 -1.082
237.475 -1.114
237.55 -1.109
237.7 -1.1
238.375 -1.059
239.725 -0.985
241.075 -0.917
241.75 -0.885
241.8 -0.883
241.825 -0.957
241.85 -0.956
241.925 -0.952
242.1 -0.943
242.275 -0.934
242.35 -1.006
242.425 -1.002
243.1 -0.965
243.275 -0.956
243.325 -0.953
243.35 -1.103
243.375 -1.101
243.45 -1.097
243.775 -1.076
243.95 -1.065
244.05 -1.097
244.125 -1.092
244.45 -1.072
245.125 -1.032
246.475 -0.958
246.825 -0.94
247 -0.932
247.15 -0.962
247.8 -0.928
249.15 -0.864
249.325 -0.894
249.5 -0.886
249.55 -0.883
249.6 -0.919
249.675 -0.953
249.825 -0.945
250.5 -0.911
251.175 -0.878
251.275 -0.873
251.35 -0.908
251.525 -0.899
251.625 -0.932
251.7 -0.928
251.85 -0.958
253.2 -0.89
253.25 -0.887
253.275 -0.962
253.3 -0.961
253.375 -0.957
253.55 -0.947
253.875 -0.93
253.975 -0.925
254 -1
254.025 -0.998
254.05 -0.997
254.225 -0.987
254.4 -0.977
254.475 -1.011
254.55 -1.007
255.225 -0.969
255.275 -1.004
255.325 -1.001
255.4 -0.997
255.575 -0.987
255.675 -1.019
255.75 -1.015
255.9 -1.006
256.575 -0.969
256.675 -0.963
256.75 -0.997
256.925 -0.987
257.25 -0.969
257.925 -0.934
258.1 -0.925
258.2 -0.92
258.25 -0.918
258.275 -1.068
258.6 -1.048
258.775 -1.037
258.875 -1.031
258.95 -1.065
259.05 -1.096
259.125 -1.091
259.275 -1.082
259.95 -1.041
260.125 -1.03
260.175 -1.065
260.225 -1.062
260.3 -1.057
260.475 -1.047
260.625 -1.076
260.975 -1.054
261.15 -1.044
261.225 -1.039
261.3 -1.073
261.975 -1.032
262.15 -1.022
262.175 -1.096
262.2 -1.095
262.25 -1.092
262.325 -1.087
262.65 -1.067
263 -1.046
263.175 -1.036
263.25 -1.069
263.325 -1.065
264 -1.025
264.1 -1.019
264.175 -1.053
264.35 -1.042
264.675 -1.024
265.35 -0.987
265.7 -0.968
265.875 -0.997
266.025 -0.988
266.7 -0.953
269.4 -0.826
269.575 -0.819
269.75 -0.849
270.075 -0.835
270.75 -0.805
271.1 -0.791
271.275 -0.784
271.35 -0.78
271.425 -0.816
272.1 -0.787
272.275 -0.78
272.375 -0.775
272.425 -0.773
272.45 -0.849
272.775 -0.834
273.125 -0.818
273.3 -0.81
273.375 -0.807
273.425 -0.805
273.45 -0.957
273.8 -0.938
273.85 -0.973
273.9 -0.97
273.975 -0.966
274.125 -0.958
274.8 -0.922
274.975 -0.912
275.075 -0.907
275.15 -0.942
275.475 -0.924
276.15 -0.89
276.25 -0.885
276.325 -0.92
276.5 -0.911
276.55 -0.946
276.6 -0.944
276.675 -0.94
276.825 -0.932
277.5 -0.897
278.85 -0.833
279.525 -0.804
279.875 -0.789
280.05 -0.782
280.2 -0.813
281.55 -0.757
282.225 -0.73
282.4 -0.762
282.575 -0.754
282.9 -0.741
283.075 -0.734
283.175 -0.73
283.225 -0.729
283.25 -0.805
283.35 -0.8
283.425 -0.835
283.575 -0.828
284.25 -0.798
284.925 -0.769
285.275 -0.754
285.45 -0.747
285.525 -0.782
285.6 -0.779
286.95 -0.724
287.625 -0.698
287.975 -0.685
288.15 -0.679
288.225 -0.715
288.3 -0.712
288.65 -0.699
288.75 -0.695
288.8 -0.693
288.825 -0.847
288.975 -0.84
289.65 -0.808
290.975 -0.75
291.325 -0.736
291.5 -0.729
291.575 -0.726
291.65 -0.762
291.825 -0.754
291.85 -0.831
291.875 -0.83
291.925 -0.827
292 -0.824
292.325 -0.808
293 -0.778
293.35 -0.763
293.45 -0.759
293.525 -0.795
293.6 -0.791
293.65 -0.789
293.675 -0.865
294.025 -0.848
294.2 -0.84
294.275 -0.874
294.35 -0.871
294.525 -0.862
294.625 -0.895
294.7 -0.892
295.025 -0.875
295.7 -0.842
296.05 -0.825
296.225 -0.817
296.375 -0.849
296.55 -0.841
296.65 -0.874
296.725 -0.909
296.825 -0.942
296.9 -0.938
297.05 -0.93
297.725 -0.894
298.075 -0.877
298.25 -0.868
298.325 -0.903
298.4 -0.899
298.75 -0.881
298.85 -0.876
298.925 -0.911
299.075 -0.903
299.25 -0.894
299.35 -0.889
299.375 -0.888
299.4 -0.963
299.425 -0.962
299.75 -0.944
299.925 -0.934
300.025 -0.967
300.1 -0.963
300.425 -0.945
301.775 -0.876
302.125 -0.859
302.3 -0.851
302.375 -0.848
302.45 -0.882
302.55 -0.878
302.625 -0.912
302.8 -0.903
303.125 -0.887
303.8 -0.855
304.15 -0.838
304.325 -0.831
304.4 -0.827
304.425 -0.826
304.45 -0.978
304.475 -0.976
305.15 -0.939
305.5 -0.921
305.675 -0.912
305.7 -0.987
305.725 -0.985
305.75 -0.984
305.825 -0.98
306.5 -0.943
306.85 -0.924
307.025 -0.915
307.1 -0.949
307.175 -0.945
308.525 -0.877
308.875 -0.861
308.9 -0.936
308.925 -0.934
308.975 -0.932
309.05 -0.928
309.2 -0.92
309.375 -0.911
309.475 -0.982
309.55 -0.978
309.875 -0.96
311.225 -0.89
311.575 -0.873
311.625 -0.871
311.65 -0.87
311.675 -0.945
311.75 -0.941
311.9 -0.933
311.95 -0.968
312 -0.966
312.075 -0.962
312.25 -0.952
312.575 -0.935
312.675 -0.93
312.75 -0.964
312.925 -0.954
313.25 -0.937
313.925 -0.902
315.275 -0.839
315.625 -0.823
315.8 -0.816
315.95 -0.847
316.625 -0.817
316.975 -0.802
317.15 -0.794
317.3 -0.826
317.975 -0.797
318.65 -0.768
318.75 -0.764
318.825 -0.799
319 -0.792
319.325 -0.778
319.5 -0.771
319.6 -0.767
319.675 -0.802
320 -0.788
320.175 -0.78
320.225 -0.778
320.25 -0.777
320.275 -0.93
320.35 -0.926
320.675 -0.909
321.025 -0.89
321.2 -0.882
321.35 -0.912
322.025 -0.878
322.7 -0.846
322.8 -0.841
322.875 -0.876
323.05 -0.867
323.375 -0.852
323.475 -0.847
323.525 -0.845
323.55 -0.958
323.725 -0.949
323.9 -0.939
323.975 -0.935
324.05 -0.969
324.225 -0.959
324.275 -0.957
324.325 -0.992
324.375 -0.989
324.4 -1.064
324.725 -1.044
325.075 -1.022
325.175 -1.016
325.25 -1.05
325.4 -1.04
326.075 -1
326.425 -0.98
326.6 -0.971
326.675 -0.966
326.7 -0.965
326.725 -1.04
326.75 -1.038
327.1 -1.017
327.275 -1.045
327.425 -1.036
328.775 -0.96
329.45 -0.925
329.55 -0.958
329.625 -0.954
329.8 -0.945
330.125 -0.928
330.475 -0.91
330.65 -0.902
330.8 -0.932
330.975 -0.923
331.075 -0.956
331.15 -0.952
331.475 -0.935
331.825 -0.917
332 -0.909
332.025 -0.907
332.05 -0.982
332.075 -0.981
332.15 -0.977
332.325 -0.967
332.375 -1.002
332.425 -0.999
332.5 -1.033
332.825 -1.014
334.175 -0.94
335.525 -0.874
336.2 -0.843
336.3 -0.838
336.325 -0.837
336.35 -0.988
336.375 -0.987
336.55 -0.977
336.725 -0.967
336.8 -0.963
336.875 -0.997
337.225 -0.977
337.4 -0.968
337.55 -0.998
338.225 -0.96
339.575 -0.891
340.925 -0.829
341.275 -0.814
341.375 -0.848
341.45 -0.844
341.6 -0.876
342.275 -0.844
344.975 -0.731
345.325 -0.718
345.425 -0.752
345.5 -0.749
345.65 -0.743
345.7 -0.78
345.75 -0.778
345.825 -0.774
346 -0.767
346.325 -0.754
347.675 -0.701
349.025 -0.653
349.7 -0.63
350.05 -0.618
350.225 -0.613
350.3 -0.649
350.375 -0.647
351.725 -0.602
352.4 -0.58
352.575 -0.575
352.625 -0.574
352.65 -0.573
352.675 -0.728
352.7 -0.727
352.725 -0.805
352.75 -0.803
353.075 -0.788
353.25 -0.78
353.35 -0.814
353.425 -0.811
353.475 -0.808
353.525 -0.845
353.6 -0.88
353.75 -0.872
354.425 -0.838
354.775 -0.821
354.95 -0.813
355.025 -0.809
355.1 -0.844
355.775 -0.812
357.125 -0.753
357.8 -0.726
357.975 -0.757
358.15 -0.75
358.475 -0.737
359.825 -0.684
359.925 -0.719
360 -0.717
360.175 -0.71
360.35 -0.703
360.425 -0.7
360.5 -0.736
361.175 -0.709
361.525 -0.696
361.7 -0.689
361.85 -0.722
362.025 -0.715
362.125 -0.75
362.2 -0.747
362.525 -0.733
363.2 -0.707
363.3 -0.703
363.375 -0.739
363.475 -0.735
363.525 -0.732
363.55 -0.809
363.875 -0.794
364.55 -0.764
364.65 -0.76
364.725 -0.796
364.9 -0.788
365.075 -0.78
365.225 -0.812
366.575 -0.752
367.25 -0.725
367.6 -0.711
367.7 -0.746
367.775 -0.743
367.85 -0.74
367.925 -0.776
368.6 -0.747
368.95 -0.733
369.125 -0.726
369.2 -0.723
369.25 -0.721
369.275 -0.875
370.625 -0.809
370.975 -0.793
371.075 -0.789
371.15 -0.824
371.3 -0.817
371.4 -0.813
371.475 -0.848
371.525 -0.884
371.575 -0.881
371.65 -0.877
371.975 -0.861
373.325 -0.798
373.675 -0.783
373.775 -0.817
373.8 -0.816
373.825 -0.892
373.85 -0.89
373.925 -0.887
374 -0.921
374.675 -0.886
375.35 -0.852
375.7 -0.836
375.875 -0.828
375.95 -0.863
376.025 -0.859
376.2 -0.851
376.3 -0.884
376.375 -0.88
376.7 -0.864
377.35 -0.834
377.7 -0.818
377.875 -0.848
378.025 -0.841
378.375 -0.825
378.425 -0.861
378.475 -0.858
378.55 -0.855
378.625 -0.89
378.7 -0.886
380.05 -0.821
380.225 -0.814
380.275 -0.85
380.325 -0.847
380.4 -0.844
380.725 -0.829
381.075 -0.813
381.25 -0.805
381.4 -0.837
382.75 -0.777
383.1 -0.763
383.2 -0.797
383.275 -0.794
383.425 -0.787
384.1 -0.759
384.775 -0.732
384.875 -0.728
384.95 -0.764
385.125 -0.756
385.45 -0.743
385.8 -0.729
385.975 -0.722
386.05 -0.719
386.075 -0.718
386.1 -0.872
386.125 -0.871
386.8 -0.838
387.15 -0.821
387.325 -0.813
387.4 -0.848
387.475 -0.845
388.15 -0.813
390.85 -0.702
391.525 -0.677
391.7 -0.671
391.725 -0.67
391.75 -0.747
391.8 -0.745
391.875 -0.742
392.05 -0.734
392.2 -0.767
392.875 -0.739
393.05 -0.732
393.1 -0.768
393.15 -0.766
393.225 -0.763
393.55 -0.749
394.9 -0.696
395.575 -0.671
395.625 -0.669
395.65 -0.746
395.675 -0.745
395.75 -0.742
395.925 -0.735
396.25 -0.721
396.925 -0.695
397.275 -0.682
397.45 -0.714
397.6 -0.708
398.95 -0.658
400.3 -0.612
400.35 -0.649
400.4 -0.648
400.475 -0.645
400.65 -0.639
400.975 -0.628
401.65 -0.605
402.325 -0.584
402.425 -0.581
402.5 -0.617
402.675 -0.611
402.775 -0.608
402.85 -0.645
403 -0.639
403.175 -0.633
403.2 -0.632
403.225 -0.788
403.275 -0.786
403.35 -0.782
403.45 -0.778
403.525 -0.813
403.675 -0.806
403.85 -0.798
403.95 -0.832
404.025 -0.828
404.35 -0.812
404.525 -0.804
404.625 -0.838
404.7 -0.835
405.025 -0.819
405.7 -0.787
406.375 -0.758
406.475 -0.754
406.55 -0.789
406.725 -0.781
407.05 -0.767
407.075 -0.844
407.1 -0.842
407.15 -0.84
407.225 -0.875
407.4 -0.866
407.725 -0.85
408.4 -0.817
408.75 -0.801
408.8 -0.838
408.85 -0.835
408.925 -0.832
409.075 -0.825
409.75 -0.794
409.85 -0.79
409.925 -0.825
410.1 -0.817
410.425 -0.802
410.775 -0.786
410.875 -0.821
410.95 -0.817
411.1 -0.81
412.45 -0.752
413.8 -0.699
414.475 -0.674
414.825 -0.662
414.875 -0.699
414.925 -0.697
415 -0.694
415.15 -0.689
415.825 -0.664
416 -0.658
416.025 -0.735
416.05 -0.734
416.1 -0.732
416.175 -0.728
416.5 -0.715
417.175 -0.689
417.525 -0.676
417.7 -0.67
417.775 -0.667
417.825 -0.782
417.85 -0.781
418.2 -0.766
418.375 -0.758
418.45 -0.794
418.525 -0.829
418.875 -0.812
418.975 -0.808
419.05 -0.843
419.2 -0.874
420.525 -0.81
420.575 -0.807
420.6 -0.806
420.625 -0.96
420.7 -0.956
420.875 -0.945
420.975 -0.94
421.05 -1.013
421.2 -1.003
421.875 -0.963
422.55 -0.926
422.9 -0.908
423 -0.902
423.025 -0.978
423.05 -0.976
423.075 -0.975
423.225 -0.966
423.325 -0.961
423.4 -0.995
423.575 -0.985
423.9 -0.966
424.575 -0.929
425.25 -0.895
425.6 -0.878
425.775 -0.869
425.85 -0.904
425.925 -0.9
428.625 -0.778
429.975 -0.724
430.65 -0.699
431 -0.686
431.1 -0.682
431.175 -0.718
431.325 -0.713
432 -0.687
432.35 -0.675
432.45 -0.671
432.525 -0.707
432.675 -0.701
432.85 -0.695
432.95 -0.691
433.025 -0.727
433.35 -0.714
434.025 -0.688
434.375 -0.676
434.475 -0.672
434.55 -0.708
434.7 -0.702
435.375 -0.677
436.725 -0.629
436.9 -0.624
437 -0.62
437.075 -0.657
437.4 -0.645
438.075 -0.622
438.25 -0.616
438.275 -0.616
438.3 -0.771
438.35 -0.769
438.425 -0.765
438.75 -0.751
438.925 -0.744
439.1 -0.775
439.425 -0.761
439.775 -0.746
439.875 -0.78
439.95 -0.777
440.1 -0.77
440.45 -0.755
440.625 -0.748
440.7 -0.744
440.725 -0.743
440.75 -0.82
440.775 -0.819
440.825 -0.855
440.875 -0.853
440.95 -0.849
441.125 -0.84
441.3 -0.832
441.375 -0.828
441.45 -0.863
442.125 -0.83
443.475 -0.769
444.15 -0.741
444.325 -0.734
444.425 -0.769
444.5 -0.765
444.825 -0.752
447.525 -0.65
447.7 -0.643
447.875 -0.676
448.2 -0.664
448.375 -0.658
448.55 -0.691
448.875 -0.678
450.225 -0.631
450.575 -0.619
450.675 -0.616
450.75 -0.652
450.9 -0.647
451.575 -0.623
452.925 -0.58
453.6 -0.559
453.95 -0.549
454.05 -0.546
454.125 -0.583
454.275 -0.578
455.625 -0.538
455.975 -0.528
456.15 -0.523
456.225 -0.521
456.275 -0.519
456.3 -0.676
456.475 -0.709
456.65 -0.701
456.975 -0.688
458.325 -0.637
459 -0.614
459.35 -0.602
459.45 -0.599
459.525 -0.636
459.675 -0.631
460.35 -0.607
460.525 -0.602
460.625 -0.598
460.7 -0.635
460.75 -0.673
460.8 -0.671
460.875 -0.668
461.025 -0.662
463.7 -0.571
463.8 -0.568
463.85 -0.566
463.875 -0.644
464.05 -0.638
464.15 -0.634
464.175 -0.712
464.2 -0.711
464.225 -0.71
464.375 -0.704
465.05 -0.677
466.4 -0.628
467.75 -0.583
467.775 -0.582
467.8 -0.66
467.85 -0.658
467.925 -0.656
468.1 -0.649
468.425 -0.637
468.6 -0.631
468.7 -0.667
468.775 -0.664
469.1 -0.652
469.275 -0.646
469.375 -0.681
469.45 -0.678
469.775 -0.666
470.45 -0.641
470.8 -0.629
470.9 -0.665
470.975 -0.662
471.125 -0.656
471.8 -0.632
473.15 -0.587
473.5 -0.576
473.525 -0.575
473.55 -0.653
473.6 -0.651
473.675 -0.649
473.825 -0.643
474.175 -0.631
474.275 -0.666
474.35 -0.663
474.5 -0.658
474.6 -0.654
474.625 -0.81
474.65 -0.809
474.675 -0.808
474.85 -0.799
475.175 -0.784
475.85 -0.754
475.95 -0.788
476.025 -0.785
476.2 -0.777
476.525 -0.762
477.2 -0.734
477.375 -0.765
477.55 -0.758
477.875 -0.744
478.55 -0.716
479.9 -0.665
481.25 -0.618
481.425 -0.612
481.525 -0.609
481.6 -0.646
481.775 -0.64
481.925 -0.673
482.6 -0.649
485.3 -0.561
485.65 -0.55
485.825 -0.545
485.975 -0.58
486.65 -0.559
488 -0.52
488.175 -0.515
488.225 -0.514
488.25 -0.592
488.275 -0.591
488.35 -0.588
488.675 -0.578
489.35 -0.557
490.025 -0.537
490.375 -0.527
490.425 -0.565
490.475 -0.563
490.55 -0.561
490.625 -0.558
490.7 -0.596
492.05 -0.552
492.225 -0.547
492.275 -0.585
492.325 -0.584
492.4 -0.581
492.725 -0.571
493.075 -0.56
493.175 -0.557
493.225 -0.555
493.25 -0.712
493.325 -0.709
493.4 -0.745
493.5 -0.78
493.575 -0.777
493.75 -0.769
494.075 -0.754
494.425 -0.738
494.6 -0.77
494.75 -0.763
495.425 -0.733
495.525 -0.768
495.6 -0.765
495.7 -0.76
495.775 -0.796
496.1 -0.781
496.275 -0.773
496.45 -0.804
496.625 -0.796
496.775 -0.828
497.45 -0.796
498.8 -0.737
501.5 -0.636
502.85 -0.592
503.525 -0.571
503.875 -0.56
503.975 -0.557
504.05 -0.594
504.2 -0.589
505.55 -0.548
506.225 -0.529
506.325 -0.565
506.4 -0.563
506.575 -0.558
506.9 -0.548
507.575 -0.528
507.75 -0.523
507.85 -0.56
507.925 -0.557
508.25 -0.548
509.6 -0.509
510.275 -0.491
510.375 -0.528
510.45 -0.525
510.625 -0.52
510.8 -0.515
510.85 -0.514
510.875 -0.593
510.95 -0.59
511.125 -0.584
511.225 -0.62
511.3 -0.618
511.625 -0.606
512.3 -0.584
512.35 -0.582
512.375 -0.581
512.4 -0.739
512.475 -0.735
512.65 -0.728
512.975 -0.714
513.325 -0.699
513.35 -0.777
513.375 -0.776
513.425 -0.773
513.5 -0.809
513.65 -0.802
513.75 -0.836
513.825 -0.832
514 -0.823
514.325 -0.807
514.675 -0.791
514.85 -0.783
514.925 -0.779
515 -0.815
516.35 -0.753
516.45 -0.788
516.525 -0.784
516.7 -0.777
517.025 -0.762
517.7 -0.734
518.05 -0.72
518.1 -0.757
518.15 -0.754
518.225 -0.751
518.375 -0.745
519.05 -0.717
520.4 -0.666
521.75 -0.62
522.425 -0.598
522.775 -0.587
522.875 -0.584
522.95 -0.62
523.1 -0.615
525.8 -0.532
526.475 -0.514
526.5 -0.592
526.525 -0.591
526.575 -0.589
526.65 -0.587
526.825 -0.581
527.15 -0.571
528.5 -0.53
531.2 -0.459
531.375 -0.454
531.475 -0.452
531.55 -0.49
531.725 -0.485
531.75 -0.643
531.775 -0.642
531.8 -0.641
531.875 -0.638
532.05 -0.632
532.075 -0.631
532.1 -0.749
532.15 -0.747
532.225 -0.743
532.55 -0.729
533.9 -0.673
534.25 -0.66
534.35 -0.656
534.425 -0.693
534.575 -0.687
535.25 -0.661
535.925 -0.636
536.275 -0.624
536.45 -0.618
536.525 -0.615
536.6 -0.652
536.95 -0.639
537.05 -0.636
537.125 -0.672
537.275 -0.667
537.95 -0.642
538.3 -0.629
538.4 -0.626
538.475 -0.663
538.625 -0.657
538.975 -0.644
539.075 -0.641
539.1 -0.718
539.125 -0.717
539.15 -0.716
539.3 -0.71
542 -0.611
542.35 -0.599
542.525 -0.594
542.6 -0.591
542.675 -0.628
542.7 -0.745
542.725 -0.744
542.775 -0.741
542.85 -0.738
543.025 -0.731
543.35 -0.717
544.025 -0.69
544.375 -0.677
544.55 -0.67
544.625 -0.706
544.7 -0.703
546.05 -0.652
546.4 -0.64
546.45 -0.677
546.5 -0.675
546.575 -0.673
546.725 -0.667
547.4 -0.643
548.075 -0.619
548.25 -0.613
548.35 -0.61
548.425 -0.647
548.75 -0.635
550.075 -0.591
551.425 -0.55
551.475 -0.548
551.5 -0.705
551.525 -0.704
551.6 -0.7
551.7 -0.696
551.775 -0.733
552.1 -0.719
552.775 -0.692
554.125 -0.641
554.8 -0.618
554.975 -0.651
555.15 -0.645
555.475 -0.633
558.175 -0.547
558.85 -0.527
559.2 -0.518
559.375 -0.552
559.525 -0.547
560.875 -0.509
562.225 -0.473
562.575 -0.465
562.675 -0.462
562.75 -0.539
562.9 -0.535
563.075 -0.53
563.175 -0.566
563.25 -0.564
563.425 -0.598
563.575 -0.593
564.925 -0.549
565.6 -0.529
565.95 -0.519
566.125 -0.514
566.15 -0.593
566.175 -0.592
566.2 -0.591
566.275 -0.588
566.625 -0.577
566.725 -0.574
566.8 -0.611
566.95 -0.606
567.625 -0.583
568.975 -0.541
569.15 -0.536
569.25 -0.533
569.325 -0.57
569.65 -0.56
570.325 -0.539
571.675 -0.501
571.775 -0.498
571.825 -0.497
571.85 -0.655
572.025 -0.648
572.35 -0.636
573.025 -0.612
574.375 -0.567
577.075 -0.489
579.775 -0.423
582.475 -0.366
583.15 -0.353
583.25 -0.352
583.325 -0.39
583.5 -0.386
583.825 -0.38
583.875 -0.419
583.925 -0.418
584 -0.416
584.175 -0.412
584.5 -0.404
585.175 -0.39
587.875 -0.336
588.05 -0.333
588.1 -0.332
588.125 -0.332
588.15 -0.412
588.225 -0.41
588.55 -0.403
589.225 -0.388
589.4 -0.384
589.575 -0.421
589.75 -0.416
589.9 -0.453
590.575 -0.436
591.925 -0.404
592.275 -0.396
592.375 -0.394
592.425 -0.393
592.45 -0.553
592.6 -0.548
593.25 -0.528
593.925 -0.508
594.025 -0.505
594.075 -0.503
594.1 -0.583
594.275 -0.577
594.6 -0.566
595.275 -0.544
595.625 -0.533
595.8 -0.528
595.875 -0.526
595.95 -0.563
596.625 -0.542
596.975 -0.531
597.075 -0.528
597.15 -0.566
597.3 -0.561
597.475 -0.556
597.525 -0.554
597.55 -0.633
597.575 -0.632
597.65 -0.629
597.975 -0.617
598.65 -0.594
601.35 -0.511
601.7 -0.501
601.875 -0.496
601.95 -0.494
602.025 -0.532
602.7 -0.512
604.05 -0.476
605.4 -0.442
605.75 -0.434
605.925 -0.43
606.075 -0.466
606.75 -0.449
609.45 -0.388
609.8 -0.381
609.9 -0.419
609.975 -0.417
610.125 -0.454
610.8 -0.437
612.15 -0.406
612.825 -0.391
613.175 -0.384
613.35 -0.38
613.425 -0.378
613.475 -0.377
613.5 -0.537
613.85 -0.526
613.9 -0.525
613.925 -0.524
613.95 -0.603
614.025 -0.601
614.175 -0.595
614.525 -0.583
614.7 -0.577
614.85 -0.612
614.9 -0.65
614.95 -0.648
615.025 -0.645
615.2 -0.638
615.525 -0.626
616.2 -0.602
616.375 -0.596
616.425 -0.634
616.475 -0.632
616.55 -0.629
616.875 -0.617
617.55 -0.594
620.25 -0.511
620.6 -0.501
620.775 -0.497
620.85 -0.534
620.925 -0.532
621.6 -0.513
622.95 -0.476
623.625 -0.459
623.8 -0.455
623.825 -0.573
623.85 -0.573
623.9 -0.571
623.975 -0.568
624.3 -0.558
624.975 -0.537
625.15 -0.532
625.25 -0.529
625.325 -0.567
625.65 -0.556
628.35 -0.479
631.05 -0.414
633.75 -0.358
635.1 -0.333
635.2 -0.331
635.225 -0.492
635.25 -0.491
635.275 -0.49
635.45 -0.485
635.775 -0.476
636.425 -0.459
637.775 -0.426
637.95 -0.422
638.05 -0.419
638.125 -0.457
638.45 -0.449
639.125 -0.433
639.475 -0.424
639.65 -0.42
639.675 -0.5
639.7 -0.499
639.725 -0.498
639.8 -0.496
640.475 -0.477
641.825 -0.443
644.525 -0.382
645.2 -0.368
645.55 -0.361
645.725 -0.358
645.8 -0.396
645.875 -0.395
647.225 -0.367
649.925 -0.317
651.275 -0.294
651.375 -0.293
651.45 -0.332
651.625 -0.329
651.95 -0.323
652.625 -0.311
655.325 -0.269
655.675 -0.264
655.85 -0.261
655.875 -0.261
655.9 -0.342
655.925 -0.341
656 -0.34
656.675 -0.327
657.025 -0.321
657.2 -0.317
657.275 -0.316
657.325 -0.315
657.35 -0.477
658.025 -0.458
660.725 -0.393
661.4 -0.378
661.75 -0.371
661.85 -0.369
661.925 -0.408
662.075 -0.404
663.425 -0.375
666.125 -0.323
668.825 -0.279
670.175 -0.26
670.85 -0.25
671.2 -0.246
671.375 -0.284
671.525 -0.281
672.2 -0.271
672.55 -0.266
672.725 -0.263
672.8 -0.303
672.875 -0.302
674.225 -0.28
674.4 -0.277
674.5 -0.316
674.575 -0.315
674.9 -0.309
675.575 -0.298
676.25 -0.287
676.6 -0.281
676.775 -0.279
676.925 -0.317
679.6 -0.273
679.95 -0.268
680.125 -0.265
680.2 -0.264
680.225 -0.426
680.25 -0.426
680.275 -0.425
680.45 -0.421
680.55 -0.459
680.625 -0.457
680.95 -0.448
682.3 -0.414
685 -0.356
687.7 -0.307
689.05 -0.285
689.4 -0.28
689.575 -0.277
689.6 -0.358
689.625 -0.357
689.65 -0.357
689.725 -0.355
690.075 -0.348
690.125 -0.388
690.175 -0.387
690.25 -0.385
690.4 -0.382
693.1 -0.328
695.8 -0.283
696.475 -0.273
696.575 -0.272
696.65 -0.311
696.825 -0.308
697.15 -0.302
698.5 -0.281
701.2 -0.242
701.875 -0.234
702.225 -0.229
702.4 -0.227
702.425 -0.227
702.45 -0.308
702.475 -0.307
702.55 -0.306
703.225 -0.295
703.4 -0.292
703.5 -0.29
703.55 -0.289
703.575 -0.452
703.9 -0.443
706.6 -0.379
707.95 -0.352
708.3 -0.345
708.475 -0.341
708.55 -0.38
708.625 -0.379
709.3 -0.365
710.65 -0.338
710.825 -0.375
711 -0.372
711.325 -0.365
712 -0.352
714.7 -0.303
717.4 -0.262
717.575 -0.259
717.75 -0.297
718.075 -0.292
718.75 -0.281
720.1 -0.261
722.775 -0.226
725.475 -0.195
726.825 -0.181
727.175 -0.178
727.35 -0.176
727.425 -0.175
727.45 -0.175
727.475 -0.257
727.5 -0.256
727.55 -0.256
727.575 -0.255
727.6 -0.419
727.675 -0.417
727.85 -0.412
728.175 -0.404
729.525 -0.374
730.2 -0.359
730.375 -0.356
730.475 -0.394
730.55 -0.392
730.875 -0.385
733.575 -0.331
734.925 -0.307
735.6 -0.296
735.775 -0.293
735.825 -0.292
735.85 -0.292
735.875 -0.373
735.95 -0.371
736.275 -0.364
736.625 -0.357
736.8 -0.394
736.95 -0.391
737.625 -0.376
738.3 -0.362
738.65 -0.355
738.825 -0.351
738.9 -0.39
738.975 -0.389
741.675 -0.334
744.375 -0.288
749.775 -0.215
751.125 -0.2
751.8 -0.193
751.975 -0.191
752.075 -0.231
752.15 -0.23
752.475 -0.226
752.575 -0.224
752.625 -0.224
752.65 -0.387
752.825 -0.383
753.15 -0.376
753.825 -0.361
755.175 -0.334
757.875 -0.288
760.575 -0.248
765.95 -0.185
771.35 -0.138
772.7 -0.128
773.05 -0.126
773.15 -0.125
773.175 -0.207
773.2 -0.207
773.225 -0.207
773.375 -0.205
774.05 -0.197
774.725 -0.19
775.075 -0.186
775.25 -0.184
775.325 -0.225
775.4 -0.224
776.075 -0.215
776.175 -0.214
776.25 -0.254
776.425 -0.252
776.75 -0.247
777.1 -0.242
777.275 -0.24
777.425 -0.279
778.1 -0.268
778.275 -0.265
778.325 -0.265
778.35 -0.428
778.375 -0.427
778.45 -0.425
778.775 -0.417
779.45 -0.401
782.15 -0.343
782.825 -0.33
783 -0.327
783.1 -0.366
783.175 -0.364
783.5 -0.358
784.85 -0.332
787.55 -0.286
790.25 -0.247
791.6 -0.229
791.95 -0.225
792.05 -0.224
792.125 -0.263
792.275 -0.261
792.95 -0.252
793.625 -0.243
793.675 -0.283
793.725 -0.282
793.8 -0.281
793.975 -0.278
794.3 -0.273
795.65 -0.253
798.35 -0.218
799.025 -0.21
799.2 -0.208
799.3 -0.207
799.375 -0.247
799.7 -0.243
799.875 -0.24
799.975 -0.239
800.05 -0.279
800.375 -0.274
800.725 -0.268
800.9 -0.266
800.975 -0.265
801.05 -0.304
803.75 -0.262
805.1 -0.243
805.275 -0.24
805.325 -0.24
805.35 -0.403
805.375 -0.402
805.45 -0.4
805.775 -0.393
806.45 -0.377
809.125 -0.324
811.825 -0.28
813.175 -0.26
813.85 -0.25
814.025 -0.248
814.125 -0.287
814.2 -0.286
814.525 -0.281
817.225 -0.242
819.925 -0.209
822.625 -0.18
823.3 -0.174
823.65 -0.171
823.75 -0.21
823.825 -0.21
823.975 -0.208
825.325 -0.193
826.675 -0.179
827.025 -0.176
827.2 -0.215
827.35 -0.213
828.025 -0.205
830.725 -0.177
832.075 -0.164
832.75 -0.158
833.1 -0.155
833.15 -0.155
833.175 -0.154
833.2 -0.319
833.275 -0.317
833.425 -0.314
833.775 -0.308
833.875 -0.306
833.95 -0.346
834.1 -0.343
834.775 -0.329
836.125 -0.305
838.825 -0.262
841.525 -0.226
842.2 -0.218
842.375 -0.216
842.475 -0.214
842.5 -0.296
842.525 -0.295
842.55 -0.295
842.875 -0.29
844.225 -0.268
846.925 -0.231
849.625 -0.199
850.3 -0.192
850.65 -0.189
850.825 -0.187
850.9 -0.186
850.975 -0.226
852.325 -0.21
852.425 -0.209
852.45 -0.29
852.475 -0.29
852.5 -0.289
852.675 -0.287
853 -0.281
853.675 -0.271
855.025 -0.251
857.725 -0.216
859.075 -0.201
859.75 -0.193
859.85 -0.192
859.925 -0.233
860.1 -0.23
860.425 -0.226
860.775 -0.222
860.95 -0.22
860.975 -0.301
861 -0.301
861.025 -0.3
861.1 -0.299
861.775 -0.288
862.45 -0.277
862.8 -0.272
862.825 -0.434
862.85 -0.434
862.9 -0.433
862.975 -0.431
863.125 -0.427
865.825 -0.365
866.5 -0.351
866.85 -0.344
867.025 -0.381
867.175 -0.378
867.35 -0.374
867.45 -0.372
867.525 -0.411
867.85 -0.404
868.525 -0.388
869.875 -0.36
870.55 -0.347
870.9 -0.34
871 -0.379
871.075 -0.377
871.225 -0.374
871.575 -0.367
871.75 -0.363
871.825 -0.362
871.9 -0.401
872.575 -0.386
873.925 -0.358
874.6 -0.345
874.65 -0.344
874.675 -0.464
874.7 -0.464
874.775 -0.462
874.95 -0.457
875.275 -0.448
875.95 -0.431
876.3 -0.423
876.4 -0.421
876.475 -0.459
876.625 -0.455
879.325 -0.391
879.675 -0.384
879.85 -0.38
879.925 -0.378
880 -0.417
880.675 -0.402
880.85 -0.398
880.95 -0.436
881.025 -0.434
881.35 -0.426
882.025 -0.41
884.725 -0.354
887.425 -0.305
890.125 -0.264
892.825 -0.228
894.175 -0.212
894.525 -0.208
894.625 -0.207
894.675 -0.206
894.7 -0.369
894.85 -0.366
895.175 -0.359
895.35 -0.356
895.425 -0.354
895.5 -0.393
898.2 -0.337
899.55 -0.313
899.9 -0.307
900 -0.345
900.075 -0.344
900.225 -0.341
900.9 -0.328
903.6 -0.283
906.3 -0.244
911.7 -0.182
917.1 -0.136
919.8 -0.117
920.15 -0.115
920.325 -0.114
920.4 -0.154
920.475 -0.154
921.15 -0.148
922.5 -0.137
923.175 -0.132
923.525 -0.13
923.7 -0.129
923.775 -0.169
923.85 -0.168
925.2 -0.156
927.9 -0.134
928.075 -0.133
928.175 -0.132
928.225 -0.132
928.25 -0.297
928.575 -0.291
929.25 -0.28
929.6 -0.274
929.775 -0.272
929.85 -0.27
929.875 -0.352
929.9 -0.352
929.925 -0.351
930.1 -0.347
930.2 -0.345
930.275 -0.385
930.6 -0.377
933.3 -0.323
936 -0.278
938.675 -0.24
944.075 -0.179
949.475 -0.133
954.875 -0.099
957.575 -0.085
957.75 -0.084
957.925 -0.125
958.25 -0.123
958.925 -0.118
960.275 -0.11
965.675 -0.081
965.85 -0.081
965.875 -0.246
965.9 -0.246
965.95 -0.245
966.025 -0.244
966.35 -0.239
967.025 -0.23
968.375 -0.213
971.075 -0.183
976.475 -0.136
979.175 -0.117
979.85 -0.113
980.2 -0.111
980.25 -0.152
980.3 -0.151
980.375 -0.151
980.525 -0.149
981.85 -0.139
987.25 -0.103
987.925 -0.099
988.1 -0.139
988.275 -0.138
988.6 -0.136
989.95 -0.126
992.65 -0.108
998.05 -0.08
1000.75 -0.069
1001.1 -0.068
1001.2 -0.109
1001.28 -0.108
1001.43 -0.108
1002.1 -0.104
1003.45 -0.096
1008.85 -0.071
1010.2 -0.066
1010.88 -0.064
1010.98 -0.063
1011.03 -0.063
1011.05 -0.229
1011.08 -0.229
1011.1 -0.312
1011.15 -0.311
1011.23 -0.309
1011.55 -0.303
1014.25 -0.259
1014.35 -0.257
1014.43 -0.297
1014.6 -0.294
1014.93 -0.289
1015.6 -0.278
1016.95 -0.257
1018.3 -0.239
1018.4 -0.237
1018.48 -0.277
1018.65 -0.274
1018.98 -0.269
1019.65 -0.259
1025.03 -0.193
1030.42 -0.144
1031.78 -0.133
1032.45 -0.128
1032.5 -0.169
1032.55 -0.169
1032.62 -0.168
1032.8 -0.166
1033.12 -0.163
1035.83 -0.141
1041.23 -0.105
1041.4 -0.104
1041.58 -0.144
1041.9 -0.141
1042.58 -0.136
1043.92 -0.126
1046.62 -0.109
1049.33 -0.094
1050.67 -0.087
1051.35 -0.084
1051.7 -0.082
1051.88 -0.081
1051.95 -0.081
1052.03 -0.122
1057.42 -0.09
1057.78 -0.089
1057.95 -0.088
1058.03 -0.129
1058.1 -0.128
1058.78 -0.123
1060.12 -0.115
1062.83 -0.099
1068.2 -0.073
1073.6 -0.054
1076.3 -0.047
1077.65 -0.043
1078 -0.043
1078.03 -0.043
1078.05 -0.209
1078.1 -0.208
1078.17 -0.208
1078.33 -0.206
1079 -0.198
1084.4 -0.146
1089.8 -0.108
1095.2 -0.08
1097.9 -0.069
1099.25 -0.064
1099.42 -0.064
1099.48 -0.105
1099.53 -0.105
1099.6 -0.104
1099.92 -0.102
1100.6 -0.098
1106 -0.073
1111.38 -0.054
1122.17 -0.03
1124.88 -0.026
1125.55 -0.025
1125.9 -0.024
1126 -0.066
1126.08 -0.065
1126.23 -0.065
1127.58 -0.06
1132.98 -0.045
1138.38 -0.033
1139.73 -0.031
1140.4 -0.03
1140.58 -0.029
1140.67 -0.029
1140.75 -0.071
1141.08 -0.069
1143.78 -0.06
1149.17 -0.044
1154.55 -0.033
1165.35 -0.018
1168.05 -0.016
1168.73 -0.015
1169.08 -0.015
1169.17 -0.056
1169.25 -0.056
1169.4 -0.056
1170.75 -0.051
1176.15 -0.038
1186.95 -0.021
1187.3 -0.021
1187.4 -0.02
1187.48 -0.062
1187.62 -0.061
1188.3 -0.059
1189.65 -0.055
1190 -0.054
1190.17 -0.095
1190.33 -0.094
1191 -0.09
1192.35 -0.084
1192.45 -0.083
1192.5 -0.125
1192.53 -0.124
1192.7 -0.123
1193.03 -0.121
1193.7 -0.116
1195.05 -0.108
1195.73 -0.104
1196.08 -0.102
1196.25 -0.101
1196.33 -0.142
1196.4 -0.141
1197.75 -0.131
1203.15 -0.097
1208.55 -0.072
1213.95 -0.053
1219.35 -0.04
1230.15 -0.022
1240.93 -0.012
1241.28 -0.012
1241.45 -0.012
1241.53 -0.012
1241.6 -0.053
1241.7 -0.053
1241.73 -0.053
1241.75 -0.22
1241.78 -0.22
1241.95 -0.217
1242.28 -0.213
1243.62 -0.197
1246.33 -0.169
1251.73 -0.125
1254.43 -0.108
1255.1 -0.104
1255.2 -0.103
1255.28 -0.144
1255.45 -0.143
1255.78 -0.14
1257.12 -0.13
1262.53 -0.096
1265.23 -0.083
1265.9 -0.08
1265.95 -0.08
1265.98 -0.08
1266 -0.162
1266.08 -0.162
1266.25 -0.16
1266.58 -0.157
1267.25 -0.151
1267.6 -0.148
1267.7 -0.148
1267.78 -0.188
1267.93 -0.187
1273.33 -0.138
1273.5 -0.136
1273.53 -0.219
1273.55 -0.219
1273.6 -0.218
1273.68 -0.217
1274 -0.213
1274.35 -0.209
1274.53 -0.207
1274.6 -0.247
1274.68 -0.246
1276.03 -0.228
1278.73 -0.196
1280.08 -0.182
1280.75 -0.175
1280.93 -0.173
1280.98 -0.173
1281 -0.173
1281.03 -0.254
1281.1 -0.253
1281.43 -0.249
1284.1 -0.214
1286.8 -0.184
1287.48 -0.178
1287.83 -0.174
1288 -0.173
1288.08 -0.213
1288.15 -0.212
1288.5 -0.208
1288.68 -0.206
1288.75 -0.205
1288.83 -0.245
1289.5 -0.236
1294.9 -0.175
1300.3 -0.13
1305.7 -0.097
1311.1 -0.072
1316.5 -0.053
1327.28 -0.029
1338.08 -0.016
1348.88 -0.009
1359.68 -0.005
1365.08 -0.004
1365.75 -0.003
1365.93 -0.003
1366.03 -0.003
1366.1 -0.045
1366.43 -0.044
1367.78 -0.041
1370.45 -0.035
1371.8 -0.033
1372.48 -0.032
1372.65 -0.031
1372.68 -0.031
1372.7 -0.115
1372.75 -0.114
1372.83 -0.114
1373.15 -0.112
1375.85 -0.096
1381.25 -0.071
1386.65 -0.053
1392.05 -0.039
1402.85 -0.021
1413.62 -0.012
1424.43 -0.006
1435.23 -0.004
1456.8 -0.001
1478.4 0
1489.2 0
1491.9 0
1493.25 0
1493.93 0
1494.1 0
1494.2 -0.042
1494.28 -0.042
1494.6 -0.041
1497.3 -0.035
1497.65 -0.034
1497.83 -0.034
1497.85 -0.201
1497.88 -0.201
1497.9 -0.201
1497.98 -0.2
1498.65 -0.192
1499.98 -0.177
